%YAML:1.0
calibration_time: "Tue 30 May 2017 12:54:22 AM BRT"
nframes: 16
image_width: 640
image_height: 480
board_width: 6
board_height: 8
square_size: 2.9999999329447746e-02
aspectRatio: 1.
flags: 2
camera_matrix: !!opencv-matrix
   rows: 3
   cols: 3
   dt: d
   data: [ 5.4597318911112427e+02, 0., 3.1049207851822064e+02, 0.,
       5.4597318911112427e+02, 2.3646634453778435e+02, 0., 0., 1. ]
distortion_coefficients: !!opencv-matrix
   rows: 5
   cols: 1
   dt: d
   data: [ 1.1709718058646137e-01, -8.1514252934026665e-01,
       -1.1493789370794051e-03, -2.3061488061631398e-03,
       3.3983745265406919e+00 ]
avg_reprojection_error: 3.9067940013103392e-01
per_view_reprojection_errors: !!opencv-matrix
   rows: 16
   cols: 1
   dt: f
   data: [ 2.75908172e-01, 3.04625779e-01, 2.96518773e-01,
       3.15403908e-01, 2.28528991e-01, 2.65871853e-01, 5.29101014e-01,
       6.64427042e-01, 3.28047246e-01, 3.71438980e-01, 3.86765063e-01,
       3.79098088e-01, 4.21328932e-01, 4.25943196e-01, 3.03846508e-01,
       5.01282096e-01 ]
extrinsic_parameters: !!opencv-matrix
   rows: 16
   cols: 6
   dt: d
   data: [ -3.5145046278056302e-01, 1.3314170248193785e-01,
       -2.6056315552907339e-01, -1.9173386499017836e-01,
       -1.0171214472050420e-01, 8.4391830471060603e-01,
       -2.1994084270692560e-01, 1.5727505039652367e-01,
       -2.2348560243864324e-01, -1.3700946568422920e-01,
       -1.4623792691270504e-01, 6.1066767672447175e-01,
       -1.9582519073928531e-01, 1.4834731640146176e-01,
       -1.5405546392086808e-01, -1.2109601321493139e-01,
       -1.6164607610049539e-01, 5.5080561839289333e-01,
       -2.1902915780611282e-01, 1.0451915394834717e-01,
       6.1793000607955291e-02, -7.0635124919137204e-02,
       -1.5469525620563931e-01, 5.4683491391246941e-01,
       -2.1049221676562152e-01, 9.2985983737083569e-02,
       7.8374920087298705e-01, 7.1647003092754818e-02,
       -1.3897109764868101e-01, 5.4062321852368611e-01,
       -2.8328942428074450e-01, -9.0732232637988033e-02,
       7.4365568247474012e-01, 2.4613888600583465e-02,
       -1.3261296739685990e-01, 4.7461204250252886e-01,
       -3.1683049715388961e-01, -2.4880893070060534e-01,
       6.7968810133733615e-01, -2.5940508548689980e-02,
       -1.3661521298047685e-01, 4.5009436292073035e-01,
       -3.9757217783477145e-01, -2.7791089534210922e-01,
       6.5613447010045767e-01, -1.6633311745080787e-02,
       -1.2723669183175682e-01, 4.6373460996498878e-01,
       -3.4458621431187569e-01, 2.0422828489004806e-03,
       5.1352790918209645e-01, 2.7565836457645793e-02,
       -1.3443011482904263e-01, 5.5032800144147864e-01,
       -3.4537209063787350e-01, 1.6224523603935032e-01,
       1.7044723826267985e-01, -8.4473867725430488e-02,
       -1.2809786973038040e-01, 5.3320527447162502e-01,
       -2.8559715724635393e-01, 1.3987273848897938e-01,
       1.5919604686188915e-01, -8.3267734002455060e-02,
       -1.3504680109824799e-01, 4.3459913738960926e-01,
       -2.7208783937159003e-01, 1.4323716782548815e-01,
       1.6340166616728261e-01, -7.6394603648532095e-02,
       -1.4344961662172073e-01, 4.2887640759670953e-01,
       -3.9008841976835457e-01, 1.5208523457080617e-01,
       1.9807987542930811e-01, -6.9121091062905760e-02,
       -1.3935452336364693e-01, 4.9197798580191893e-01,
       -3.5702025530993881e-01, 9.2370602766746010e-02,
       4.6168222064748582e-01, -4.0546674038552388e-02,
       -1.5071683877455611e-01, 4.8238261628609491e-01,
       -4.0488955661912124e-01, 1.2136824485005716e-01,
       6.7398285486493037e-01, 5.9317749184899363e-02,
       -8.9910353481994054e-02, 5.0887445308336676e-01,
       -3.7961111216087162e-01, 9.3141754990692910e-02,
       2.6665099564592643e-01, -1.0260623097139494e-01,
       -1.5420529957551005e-01, 4.8319403469011851e-01 ]
image_points: !!opencv-matrix
   rows: 16
   cols: 48
   dt: "2f"
   data: [ 1.85191193e+02, 1.69372131e+02, 2.03758636e+02,
       1.64534744e+02, 2.22607330e+02, 1.58746048e+02, 2.41371796e+02,
       1.53826126e+02, 2.60064484e+02, 1.47957214e+02, 2.79067810e+02,
       1.42219376e+02, 1.88577209e+02, 1.87451065e+02, 2.07243530e+02,
       1.81755203e+02, 2.26021652e+02, 1.76153610e+02, 2.45135971e+02,
       1.70732727e+02, 2.64132080e+02, 1.65370850e+02, 2.82767395e+02,
       1.59304153e+02, 1.91764511e+02, 2.05036346e+02, 2.10660355e+02,
       1.99392776e+02, 2.29600906e+02, 1.93581055e+02, 2.48871048e+02,
       1.88325363e+02, 2.68192413e+02, 1.82553986e+02, 2.87490845e+02,
       1.76432343e+02, 1.94904190e+02, 2.23120224e+02, 2.13928955e+02,
       2.17216980e+02, 2.33551666e+02, 2.11778564e+02, 2.52809418e+02,
       2.06105194e+02, 2.71978424e+02, 2.00206726e+02, 2.91513275e+02,
       1.94267700e+02, 1.98128937e+02, 2.41451462e+02, 2.17336258e+02,
       2.35541626e+02, 2.36991776e+02, 2.29931366e+02, 2.56626678e+02,
       2.24444168e+02, 2.76436432e+02, 2.18681808e+02, 2.96302307e+02,
       2.12430649e+02, 2.01248611e+02, 2.60335236e+02, 2.20975632e+02,
       2.54362228e+02, 2.40724457e+02, 2.48716843e+02, 2.60639771e+02,
       2.42868851e+02, 2.80759491e+02, 2.37533356e+02, 3.00495117e+02,
       2.31222580e+02, 2.04410843e+02, 2.79536621e+02, 2.24371918e+02,
       2.73682526e+02, 2.44965439e+02, 2.68365936e+02, 2.64732697e+02,
       2.62285278e+02, 2.85371399e+02, 2.56876221e+02, 3.05643158e+02,
       2.50534271e+02, 2.08054153e+02, 2.99648163e+02, 2.28400589e+02,
       2.93855988e+02, 2.48440323e+02, 2.87857788e+02, 2.69103333e+02,
       2.82257111e+02, 2.89743195e+02, 2.76655243e+02, 3.10378082e+02,
       2.70528168e+02, 1.86456192e+02, 1.04244797e+02, 2.12127960e+02,
       9.73464203e+01, 2.38271301e+02, 9.04091492e+01, 2.64270813e+02,
       8.28634415e+01, 2.90618744e+02, 7.57024918e+01, 3.17192352e+02,
       6.73861008e+01, 1.91222565e+02, 1.29090546e+02, 2.16636765e+02,
       1.21884468e+02, 2.42767868e+02, 1.14554550e+02, 2.69446686e+02,
       1.07704529e+02, 2.96190369e+02, 1.00405617e+02, 3.22782745e+02,
       9.23046570e+01, 1.95578598e+02, 1.54449905e+02, 2.21567337e+02,
       1.47289154e+02, 2.47787827e+02, 1.40058746e+02, 2.74736176e+02,
       1.33025833e+02, 3.01668182e+02, 1.25767982e+02, 3.28810577e+02,
       1.17690430e+02, 2.00096115e+02, 1.80087692e+02, 2.26265213e+02,
       1.72830154e+02, 2.53184418e+02, 1.66118683e+02, 2.80137238e+02,
       1.59027237e+02, 3.07260681e+02, 1.51470154e+02, 3.34828094e+02,
       1.43743439e+02, 2.04497101e+02, 2.06362289e+02, 2.30852753e+02,
       1.99310104e+02, 2.58038483e+02, 1.92336716e+02, 2.85500122e+02,
       1.85489380e+02, 3.13239685e+02, 1.78482681e+02, 3.41002014e+02,
       1.70538040e+02, 2.08841492e+02, 2.32980347e+02, 2.35745193e+02,
       2.26167236e+02, 2.63393188e+02, 2.18807999e+02, 2.90984528e+02,
       2.12368240e+02, 3.19319519e+02, 2.05557266e+02, 3.47406616e+02,
       1.97882050e+02, 2.13244980e+02, 2.60388153e+02, 2.40599686e+02,
       2.53693710e+02, 2.68975983e+02, 2.47102936e+02, 2.96630676e+02,
       2.40149231e+02, 3.25418945e+02, 2.33555862e+02, 3.53997070e+02,
       2.26319763e+02, 2.18339508e+02, 2.88695923e+02, 2.46227249e+02,
       2.82088959e+02, 2.73859100e+02, 2.75293701e+02, 3.02492157e+02,
       2.68653870e+02, 3.31590179e+02, 2.62176544e+02, 3.60825623e+02,
       2.55124908e+02, 1.88483276e+02, 7.42056580e+01, 2.17510437e+02,
       6.83792953e+01, 2.47129883e+02, 6.25393982e+01, 2.76489960e+02,
       5.60660439e+01, 3.06514038e+02, 5.00438881e+01, 3.36658264e+02,
       4.25971870e+01, 1.92143341e+02, 1.02423347e+02, 2.21061600e+02,
       9.62942963e+01, 2.50439987e+02, 9.00878220e+01, 2.80586243e+02,
       8.44024124e+01, 3.10763489e+02, 7.82612686e+01, 3.41376556e+02,
       7.10835190e+01, 1.95434616e+02, 1.30796936e+02, 2.24568405e+02,
       1.24950951e+02, 2.54199890e+02, 1.18758575e+02, 2.84557739e+02,
       1.13219109e+02, 3.15170715e+02, 1.07129837e+02, 3.46097443e+02,
       1.00141937e+02, 1.98378952e+02, 1.59711212e+02, 2.28045654e+02,
